4525160120168463|07|2030|936
4525160120311303|07|2030|936
4525160120993621|07|2030|936
4525160120498068|07|2030|936
4525160120296132|07|2030|936
4525160120722731|07|2030|936
4525160120747936|07|2030|936
4525160120258405|07|2030|936
4525160120061544|07|2030|936
4525160120839543|07|2030|936
4525160120090030|07|2030|936
4525160120602941|07|2030|936
4525160120364781|07|2030|936
4525160120913405|07|2030|936
4525160120185517|07|2030|936
4525160120103338|07|2030|936
4525160120038260|07|2030|936
4525160120584685|07|2030|936
4525160120849955|07|2030|936
4525160120968144|07|2030|936
4525160120556840|07|2030|936
4525160120177464|07|2030|936
4525160120710140|07|2030|936
4525160120279930|07|2030|936
4525160120260088|07|2030|936
4525160120203724|07|2030|936
4525160120862677|07|2030|936
4525160120150594|07|2030|936
4525160120677265|07|2030|936
4525160120734272|07|2030|936
4525160120152087|07|2030|936
4525160120834783|07|2030|936
4525160120510755|07|2030|936
4525160120585484|07|2030|936
4525160120855705|07|2030|936
4525160120398490|07|2030|936
4525160120326293|07|2030|936
4525160120119714|07|2030|936
4525160120440870|07|2030|936
4525160120549035|07|2030|936
4525160120270426|07|2030|936
4525160120907977|07|2030|936
4525160120944616|07|2030|936
4525160120545462|07|2030|936
4525160120669163|07|2030|936
4525160120579735|07|2030|936
4525160120197066|07|2030|936
4525160120940077|07|2030|936
4525160120016043|07|2030|936
4525160120197942|07|2030|936
4525160120341151|07|2030|936
4525160120528930|07|2030|936
4525160120354121|07|2030|936
4525160120378914|07|2030|936
4525160120778121|07|2030|936
4525160120966981|07|2030|936
4525160120605738|07|2030|936
4525160120049945|07|2030|936
4525160120719398|07|2030|936
4525160120267513|07|2030|936
4525160120163092|07|2030|936
4525160120188511|07|2030|936
4525160120856554|07|2030|936
4525160120588645|07|2030|936
4525160120639257|07|2030|936
4525160120683198|07|2030|936
4525160120733886|07|2030|936
4525160120361340|07|2030|936
4525160120354881|07|2030|936
4525160120996780|07|2030|936
4525160120415971|07|2030|936
4525160120316880|07|2030|936
4525160120480066|07|2030|936
4525160120359047|07|2030|936
4525160120248513|07|2030|936
4525160120949284|07|2030|936
4525160120434923|07|2030|936
4525160120322870|07|2030|936
4525160120733894|07|2030|936
4525160120743091|07|2030|936
4525160120221148|07|2030|936
4525160120063052|07|2030|936
4525160120635644|07|2030|936
4525160120692827|07|2030|936
4525160120995345|07|2030|936
4525160120789995|07|2030|936
4525160120800230|07|2030|936
